lxii

ffing, 1110, v. Nigol, 49.

-·-- 0.1101101·1Βο1101110,88.

——— 0.11011011110110111010101,94.

—-—- 0.1100011,11011011101000101,
229.

-— 0.11011011110101,82
--- 0800110296

-- 01101110018001101, 213.

— 0. 1701101111206.

xings 0010010, The, 296.

11011ος, 11011011 01, v. Scaliger, 249.

110011 10 010100, 45.

11001110 Ηο11110 gesion, 44.

Laud iu Ρ101001οη1, 48.

Lanu iu Riuby‚ 52.

1101111 10 10100010. 52.

1101010001 11110111οε01 my, 22, 40.

110011οο1 14111101 Ulwold, 294

[10011001 11011, 41, 48.

uanus 01 111111, 296.

Laude 01 400, 48.

Lauda 01 Β1011ορ odo, 299.

11011110 01 1100111110, 45.

11011110 01 Hugh (10 Ρο11, 88.

10011001 111301 10000111, 58.

Lauda 01 80101011, 58.

11011110 01 1101011, 40, 41, 42.

Lauda 0111100100, Arohbiuhop, 58.

11011110 01 Willium 110 8., 904.

Lauda 01 william 0177011110, 41, 42.

11011110 01 william 110101, 47, 49, 50,
51, 58, 54.

100110110110111110100, 0. Biuhop Odo,
4, 299.

110010, 1101101 01, 802.

111110111οε 01 stingum, 78, 107, 143,
158, 200.

110100 0. 81011011 odo, 294.

Loudou citimus 0. 770110, 62.

1100100111 0. 01111011 110 00011, 55.
Luci, 11011011 110, 272.

11010110. 81100100, 111.
110101, 11011011, υ. william 110 Percy, 51.

11101111 0101010,

1101111001Ηο, 1101101110, 0. 1100100111 de
Wunuu, 210.

11010101 Lagus, 902.

1111110101 8110100111, 89.

1101111100 case, 79.

1101111011, 4111101, 0. 1100011, 226.

1101111001 de 10111011, 142.

1100110100110110110111101, 276.

1101101 0001011010, 159.

11011 01 1101100101, 59.

1100 01 Odo 0. 11011011, 54.

Meu 01 1011100 v. Abbot 10111100, 99.

1100 01 81. Augustino 0. 01110010 01
00010111οη, 88

11011 01 wallingford 0. 14111101 7701110110,
198.

Meu 01 whistley 0. 000100, 87.

11101001 de Spikeswick, 270.

111110 01 Cauterbury, 282.

1101111001 011101· und 1100110 01 80111,
114.

1100110 01 Abiugdou, 106, 204, 250.

-----0.011100000111100,

—-——-—v. 1110 King'uBui·
11110, 206.

11011110 01 8000010011 v. Ρ1001, 155.

110010 01 8011101ογ, 188.

1100110 0100111100οε v. 1100 01 81101111
01 80100, 264.

110010 01 010110111οη0. 1101110100
80111010, 240.

1101111001 1101110111 0. 11001001 10111,
117.

1101110 01 0100000101, 126, 162, 101,
254, 255, 257.

11011110 01 81. Augustino, 87, 88146.

1100110 01 st. Benet, 71.

11011110 01 81. 1111110111 0. 01110000 01
1101111011, 282.

11011110 01 81. Stephon 0. The King's
Tenuuts, 119.

11011110 01 1110011001οτ, 295.

--·--- v. Rulph 110
1101101001, 295.

110101, william, 11011110 01, 47, 49, 50, 1101100010 claim, 47.

51, 58, 54.

1101100010 1100, 59.

 

