lxiv

85151 11515, 61515151, 96, 105, 298.

-—·-—-— 51151511, 800.

————- 5. 17. 55115515-
115151, 91.

8515115151, 015151 51, 741 159.

·- 5.11115,129.

85151 8155155. 855 115515 51 81.
8155155.

85511555 5. 115515, 18.

8155115551 015151, 86.

85551, John, 281.

85115, 11151, 511511151557151555,

81511151] Η555155, 270.

8151111 51 8511151115 5. 7751115115, 207-

Simon 55 1155515555, 278.

Simon, Son 51 Peter, 275.

85151555, A, 5715 8155, 298.

85515515 115551, 89.

statua 51 5 11555155, 48, 44.

85155151, 11151515 55, v. ’115 11155, 51.

85511555 1151555271.

1511151511. ’115 11155, 58.

’151515 5. 055115, 802.

Thomu, 1151115155, 5. 815155 055,
-57ὲ--- 5. 75111515, 57.
verricus, 855 51115351, 140.

71555, 8111511, 5. 1115155 51 11511551,
15411151, 1151511 55, 5. J 55111, 59.
1515111, 771111515, 5. 11151 115551, 217.

751555, 142.
villata 55 0111555, 275.
7155551, 132.
-- 5. 855551, 121.
--5. Simon, 185.

77., 115 (115511511515, 5. 15511, 800.
77515155, 855 51 william, 140.
7751115115 5. 11153555, 205.

--- 5. 1155551, 197.

——— 5. Pagan, 208.

wallingford. 855 1155 51175111531515

INDEX 01⁸ 01888.

water, 11151, 298.

-—-—- 511511551151111, 178.

--·-5.1115155 51 6115155-
151, 155.

---- 5. 8111511 8511151, 175. ,

7751145155 Domi, 294.

7751151 Palma, 270.

Walter, Son 51 11515, 271.

7751151 55 15151551, 274.

7751111551, 8511, 12.

7751155, 15555 51 william 51, 41, 42.

775115, 11555 51, 272.

7711111155, 1155 51, 5. 055155, 87.

wife 51 1151511 5. 11151 51 11153555,
180.

william. 11151 1555115515 51 (1155-
555151, 195.

7711115111, 11151, 5. John 555 8151515,
261.

william 1155551, 272.

william 55 (15155111, 274.

william 55 0. 5. Hugh 55 Β, 299.

william 55 011115151551, 268.

william, 8511, 298.

77511551 (1515555, 272.

1111151115 15115, 141.

william 5185115155, 5. 11151 Thomu,
2611

1711155151 1511111355 o. 11151 11511-
1155, 98.

william 51 ow, 69, 296.

william 5181. 1511515, 140.

william 51 815155, 278.

william, 85551 Ulger, 274.

7751555151, 815155 51, 16, 287.

7755555151, Prior 51, 278.

7751151155, 815155, 5.Δ11511751151,16,
287.

77515155, 815155, 800.

.2——- 511511151557151555,

York, 1151115155 51. 855 1151115155
51751115 115555511151555 ς 7155155,
1151115155.

75111, 015151 51, 5. 01515151 (1155-
555151, 189.

 

 

