INDEX.

55551 51 851115, difficulties 55115
515555 51 0515555155,14-16, 156.

Abone 51 55155, 290.

56511555, 813.

56555555215.

Agonoy, 59, 62, 223.

5115551155, 38, 45, 48, 175,182.

Amoroomonto, 212, 226, 244, 245, 274,
301. 855 1155555555 proooodings,
140-142, 268-278

5531585555 2555565515. See 15155-
6551155.

5515555555, 29, 45, 47, 52, 56, 57, 58,
59, 297, 299, 800, 304.

5515551155, 651155 51, 260.

5555515, 55555511555 51 551515 551551,
11, 12, 30, 69, 94, 111, 233, 247, 283,
285, 291, 307. 05 1511555 51 juo-
tioo, 121, 212. To 155 popo, 189,
214, 240, 248, 313.

55556551, 65515551155 51, 62.

5555511556 8511555, 188, 223.

51551155551155 william 155, 88.

51155555, 5555555555 by, 206, 226.

8511515655, 51.

Batenos, 17, 37, 45, 60, 61, 51 possim.

Bostordy (5511655115), 8.

851151 Abboy, 15556551 51, 14-16, loo

851115, Wogor 51, 19, 41, 42, 43, 61, 69,
141, 142182, 268, 270, 273, 283, 305.

8551551, 5555515555, 211-216, 216.

8555655155, 139.

Bribory, 261, 284

causidici, 81.

chamberlain 51 Abbey, jurisdiotion 51,

egon, 555 511555165555, 3, 27, 31,
mfflffimmmm
215, 297.

0511651158.

0555555651155, 45, 46, 302, 303, 301,
305, 806, 307.

Gompurgotion, 35, 38, 1801 (moro
likely 511555555551.) 85515515155-
6551155.

05555565, 18, 25,172, 189, 264-267,
278, 276, 278, 288, 310.

05555551155, 55115 ond chortem 51,
15, 19, 21, 22, 29, 63, 73, 01, 98, ot
5555151.

conquest, 1556515155 15 155, 1.

0555515555, 10, 11.

contempt, 185.

05511555555 51 05555, 269, 270, 274,
278.

05551, 0551511551, 278.

051151155, 11555] by. 70, 150, 172.

05515555, possim. 0155155, 102, 103,

11551, 92, 97, 104, 109, 110, 139, 207,
208, 218, 223, 279, 280. 855 Ex-
ohoquor proooodingo, 140-142, 268
-278,

1155511, 131.

05155115,268,270.

85155155 55555555561, 268.

05155155 85511 vel 15511115, 121, 212.

85555111555, 150, 131-196,

11511555, 551155 15155551555 51, 186.

1115551515, 5115551 5555555 51 low, 282.

1115155151, 88, 92, 110, 131, 139, 260.

11155555, 311.

Doomsdoy Book, 5556 15 55165555, 100.

Doomsdoy Inquisitions, 87-61, 287-
290, 293-307.

115555 55 Dowry, 180, 276.

Drongn, 2. See Profooo.

Duol, 19, 41, 42, 43, 61,69,141,142,
182, 268, 270, 273, 283, 305.

 

