INDEX 01‘ 6113113.

norman, 31111 0111. 1 Remigius, 3111100, 30, 299.

101111311111111.1101111137. [ Rex. 3003113, The.

1 11071011, Abbot, 0. 31113, 67.
Ι 31011111. 111001, 0. 311111, 124
0100. (1103113296. 1 31011111 11 0111011·.1“11111101’ 311,
010, Biuhop. v. Δ111>01 7711101, 20. 307.
---0.1101111111100111111010,10. 3101111101111011, 273.
--- 0. 1101111101 3011111 111111, 30110110. 601111,93.

45 -- 0. (1111101110 (1111, 57, 58.

010, Δ111101, 221.

01011 1111 0. 3011011, 54.

011011, An, 0. 311101 11011111, 294.
0301, 301 os 0311, 276.

0111011, 3111100, 297.

011, william 11, 69, 296.

3130111 v. 0111101101 31. 3011117.
Percy, william 11, v. 11130150.
301110. 30110111, 133

3010110111 311110, 147.

Philip 1037111, 278.

Philip of Maitonion 0. Abbot 11111111,
3101011010, 311111, 13. 61.

Pipooell, 301111, 0. A 0111111 3011111,

31111211 os 3111113101 0. 3111 311110

299.

Prior 111 0011111 os Abingdon 0.
1101111101 3110111111, 234.

Prior 01 1101ρί111 of Jerusalem v.
Abbot 11111111, 213.

Prior 01 1101011101, 273.

31111110. 1111110101 (1101001101, 258.
3111111 3111130, 141.

Enipi, 1110 90011, 271.

311011 10 Pei-ratiis, 269.

napi, 1111110140, 41, 42.

Ralph 1101111111ιῦ1110, 47.
----- 1101, 59.

3111111 0. 10111107.

—-— 0. 3011011 10 1111101111, 137.
311111, 3111100, 0. 1111110 Ρο101,309.
3111111 11 (11111111, 273.
311111Ρ11110111 311110, 147.
311111 v. Hugh, 55.

3111111111 11 311110, 269.

—— 0. Lord of 31011, 139.

—-v. 11011 oi W.. 139.

—-— 0. Ρο011011, 138.

--0. 'Phe 3113, 57.

3011011 10 3111113, 269.

301111 11 1011011111 0. Walter, 179.

3011011 11 3101, 272.

3011011 11 11011, 268.

Bobert 3111110, 306.

3011011 (1111111, 141.

3011011, 30101 3111111, 275.

3011011, 301 0131111111, 271.

3011111, 301 of (101111, 141.

30110111 17111 0. ,11110101 1111113101,
180.

3001101111, 0111101101, 90.

303010. 11111 (10 T.. 303.

30301, Abbot, 220.

30301, 1101011301, 0. Bishop Geoffrey,
223.

30301 313010. (101110, 305.

--- 0. 3111111304.

30301· 10 311, 270.

30301, Prior, 0. Δ11110101 31. M„ 231.

30301, 30101 3101111, 275.

110301, 301 oi 1101103110.

31111, william, 0. 31011111, 265.

31111 11111011. 300 Abboi oi st.
Andrew.

31111 11111011, (1111101101, 165.

31111 Augustino. 311 Abboi 0131.
1131111101 Men of 31. 1130111101
110111 os 31. Δ13111ἰ10.

31111 Augustino, (1110101101, 143.

31111 3111101111101101, 72.

31101 31111111. 300 Abbot 01 31.
31111111, 11011101 31. 31111111.

 

