lx 11011 or 01000.

1101110100 0110110. 10111011, 57.
-—---— 0. 110011, 50.
---- Laudans, 58
Asa, 8011111101, 48.

10001111 0. 11011110 01 81. 81111100, 160.
1110110101 0. 01110010 01 1110 King. 30.

8011111111 0. 8011011, Son 01 0., 304.

Bardul, Hugh, 270.

8011130101011, 141.

Βο0101, Thomas 1, 211, 213, 216

8011011101, 110 1011, 277.

Berkley 1101101, 39.

8011010001·οΨ do, 0101111, 59.

Bigot, Roget, 803.

111301, 11111011 and Heir 01, 230.

Bishop 01 Bayeux. 800 000, 8101100 01.

Binhop 01 1101110111 0. 00110110 01
Βο111011,50.

—-—-—— v. Eudo, 56.

-----0. 01111011 de
0011156.

----- 0. 11011011 111101,
18.

81010110 and 8101011110 Canes, 11.

8111011269.

8011001100. 800 11011110 01 8011110000.

80011 0. william de warren, 52.

canons 01 81. 11011111 0. The King, 159.

00110110 01 81. 11010110.

0111110111οη. 800 11110101 81110001.
tine, Amhbishop 01 0001011111,
1101101 800101101γς 111110 01 0011101·-
bum 11011110 01 0001011010.

0011010101 Abingdon 0. 1100101· 011
81111102.

00111111 Perseus 0. 8011111010, 181.

01100101, 8101100 01, 301.

0111111011, 1111010 do, 275.

0101011000 Aqueduot 01 8001111011,
37.

(11101011 and Laud 111 0100100, 41.

01101011 01 Abingdon, 118.

-—---—-- v. 1111110111,130.

01101011 01 81)1 0. odo, 301.

01111011 01 8001100101, 90.

0110101101 81. 11111100, 165.
0111101101 81 Augustino, 118.
0110101101 st. 801101, 72.
01111101 01 81. 111117, 96, 106, 298
———- 080110113Οο
---— 0. 11. de 110111011-
0110191.
0110101101 81. Peter, 14, 163.
-- 0.11110,129.
01101011 011011 0. 01101011 01 0100001-
101, 189.
elam, 8011 01, 0. 1111101 0181. 811-
1110111280.
0111110011 01 1010131 1101011110, 87.

110011 01110110, 212.

111030 0. 01101011 01 81. John, 51.
— 0. wido, 60.

Drogo de Beurere’u 010110, 59.
1111101111, 294.

8011 0101010 0. 1111101 01 st. 8011111110,
280.

80110, a 8100111011, 306.

Edwin v. william, l.

Eldred, Brother 01 odo, 296.

81], 0111101101, 0. odo, 301.

115, Lauda 000810011100 01, 22, 10.

8101000111 0. 8011111111, 131.

81110111 0. 01110111 de Arois, 53.

10110110, 8011011, 906.
10111100, 1111101, 91, 95, 108, 109.

’ - 011011, 96.
--— 0. 1110101111, 101.
-—— - 0. 83110111, 131.
—-— v. 8011101, 102.
----- 0. 001110, 91.
---- v. 80000110, 16.
---- 0.(1010011118011100110,
—-— 0111311, 110, 121.
-—-— 0.]01110111108001101110,
—-— 0. 11011 01 1011111111, 98.
-ή-- 0. Menos 81001011, 89.
-—-——-- v. Menos 81111011, 101.

 

