329

Misericordia 95515, 212, 226, 244, 245,
274, 901. 855 1155555555 proceed-
ingn, 140-142, 268-276.

111555515515.

Mortgnge, 58, 296, 299. 855 9155155.

95515515 15 1955, 1.

1155555 1155555515, 5155555 51, 67.

115551 1115551515, 55115 15 theunium 51,
99, 108, 128, 190, 169, 170, 197, 250.

95555551155 19111, 99. 855 5155 5. 115.

0515, eompurgntory, 95, 98.“

Omni Lego, 55551, 44.

Omnibus Legibus, 55551, 41906.

Omni Modo, 55551, 905.

055551, 90, 96, 98, 40, 41, 42, 49, 61,
72, 196, 291, 268, 272, 275, 901, 905,

05515555, 10, 62, 89, 269.

Peon, witness 51, 59.

Pedum, 94, 199.

915155, 99, 60, 61, 88, 191, 140, 298,
289, 296, 299.

9555, 5555515 15, 211, 210, 248, 919.

9555555155, 55115 51, 255, 909.

955555151155 551 1151151155, 70, 169,
170, 201, 207, 295, 256, 257.

primogenitura. 280.

95555155, 269.

95551511155, 241.

95555555, 5511 55 551155 55140, 141,
167.

95555551555, 8.

Quaen, 155, write 51, 99, 100, 197.

11555, 247.

951155, 1555555 51, 281.

95515515, 191.

95155511, 271, 274, 277.

night, 5511515 551555 51 5151151, 197,
146, 198, 210, 217.

91555155 9151515, 62, 69.

INDEX.

8511555515, 206

8551, 9515551 155 (1551555515, 39, 54.
Not 15 general 555 51 timo 51 Gon-
55551, 177. 855 91511551 8551.

85555115, 55 15 1511555551, 298.

851515, 115555 51, 70, 150, 291, 296,
297, 299, 909.

85551115, removal 51, 216.

85155, 55515515 55 15, 102, 109, 201.

Summum, 4, 219, 261, 279.

Thea, 260, 806.

111555, 162, 910.

1555555, 11, 12, 90, 69, 94, 210, 289,
291, 901.

15555555, 55115 15 155 551555 51, 89, 99,
98, 101, 102, 127, 166, 188, 298, 269,
275, 285.

1515555 N 555551155, 55 15 5511555, 28

Ultimo 9555551585, 245.

955155 15551515515, 276.

95555, 555555 51, 271.

Vexillum 15 9955, 281.

Vivus 51 11551555, 24, 25, 26, 97, 56,
61, 51 passim.

9555555 15 19555551, 298, 901, 902,
804 (155 king 5555555), 905 (155
king), 906.

9555551951115. 85595195.
195555 51155. 855 055555551155.
9955515515, 218, 271, 275, 298, 901, 902,
901,-906.

915155. 855 051551.

195155555555, 259.

19111, 55555551155, 89.

191155555518, 27, 28, 91, 99, 59, 94,
116, 1261281115, 148, 151, 180,
182, 184, 186,187, 191-196, 199.

995551,86,149.

91511551 8551, 99, 55, 294, 296-901,

995115, their development. 855 155
151555551155.

0199991 AM> 9191991019, 99191998, 81. 109198 squam, 10911011.

 

