11101111.

20010010011001 000000, 240.

20010010011001 00011, 278,

21], 1111011100 01, 22-29.

Equity, 181, 221, 235, 236, 242, 249.
6001000000ος 01001110 10110000-
1100.

21100100 1001101010, 69, 244.

2000110173, 255.

2000100, 167, 213, 240.

21100000. 800 30111ος 0111110101
00101101ςο00ος 1100100000 1100111
1000101110ος 0011η 0100ος wit-
000000.

2110110001, 0 0001101111οΙ 01 common
pleae, 99, 100, 127. 0010010040-
142, 235, 268-278.

2100111100,11111010 1110 001010 of, 19,
29, 33, 71, 72, 111, 124,128, 129,
130, 137, 138148, 162.

20110, 87.

20100 200001, 271.

20100 10000000001, 272, 273.

20100 1003010111, 110, 20, 34, 212 0).

20100 Pleu, 277.

2010012111301.

200110, 215.

Fines. 800 60000100.

2110. 800 010001.

2101101100, 90, 256.

2110211010, 11101 mayor 01 100000,

2010100 1101010010, 37, 67.

201001 Laws, 72, 173.

2013017, 177, 269, 301.

2100011000, passim.

Franlmlmoign, 10000 held in, 91, 93,
120130.

21000131.

2113111100, 13, 94, 95, 220, 268.

201 manifestus, 260.

01101111, 1100011οο, 01000001100 by,
233. 27111001, 241, 242, 314-319.

11001030, 20.
Homicida, 8, 140, 238.

Hospitium, right os, 279.
Hense-breaking, 260.
1100 000 Gry, 274, 275.
Hustings 001111, 261.

1010001100, 0111010110 nature 01, 27,
28, 30, 32, 63, 64, 90,91,96, 105,
129, 148 0), 1490), 159, 1630),
166, 242.

10001011100, l, 9, 24, 28, 33, 37-61, 66,
71, 73, 120,121,139, 147, 160, 199,
203, 216, 217, 219, 229, 238, 258, 259,
261, 271-275, 279, 284-286, 288.

10000ιί11100 01011010, 222.

1010001010. 80011101γοί 801010.
Iron. See 010001.

Jews, 277, 279.
10000001, 10000010001 of, 10, 20-
22, 34,199. 110000011010110001010,

18, 113, 116, 286.
1000110000, 84, 224, 233, 247, 278,
1020110001 01100100, 69, 244.

King, 2110, 0011ῖώ001100 01 10111010,
14, 29, 63, 133135, 136, 145158,
212, 214, 221. 20001100 10 11011001,
304, 305.

King's Evidenoe (by probator), 269.

11010111 2000, 10001οη 01, 75, 76, 78.

11013111 80100062. 800101100001100.

11000010 (0011010101), 31.

1100000, 01 101010 011011010175, 182.

1101101100, 33, 169, 170, 204, 207, 235,
256, 257.

Livery 01 301010, 70, 150, 294, 236,
297, 299, 303.

100000, 1111801100 with citizens 01, 62.

Maritagium, 234, 274.

11010000, 125,132, 198.

1101111130 000 11100100, 311.

11011100 1700100, 001010 of, 48.

1110000 210610, 169, 170.

Mina, 55, 62,130,140, 150, 232, 251,252.

 

